03010865270001
03010845385001
03010752551001
03010752551002
03010861550001
03011283479001
03011123506001
03010408570001
03010408570002
03010408570003
03011286240001
03011286240002
03010393107010
03010393107001
03010393107011
03010393107012
03010393107013
03010393107014
03010393107015
03010393107016
03010393107017
03010393107018
03010393107019
03010393107020
03010393107002
03010393107021
03010393107022
03010393107023
03010393107024
03010393107025
03010393107026
03010393107027
03010393107028
03010393107003
03010393107004
03010393107005
03010393107006
03010393107008
03010393107009
03010651039001
03010651039002
03010540270010
03010540270006
03010540270007
03010233087001
03010729483001
03010409561001
03010277215001
03010687860001
03011134523001
03010809531010
03010809531001
03010809531011
03010809531012
03010809531013
03010809531014
03010809531002
03010809531003
03010809531004
03010809531005
03010809531006
03010809531007
03010809531008
03010809531009
03010515335001
03010515335002
03010515335003
03010515335004
03010515335005
03010477749010
03010477749001
03010477749012
03010477749013
03010477749016
03010477749017
03010477749018
03010477749019
03010477749020
03010477749002
03010477749021
03010477749022
03010477749023
03010477749024
03010477749025
03010477749026
03010477749028
03010477749029
03010477749030
03010477749003
03010477749031
03010477749032
03010477749033
03010477749034
03010477749035
03010477749037
03010477749038
03010477749039
03010477749040
03010477749004
03010477749041
03010477749005
03010477749006
03010477749007
03010477749009
03011255794001
03010636745020
03010636745021
03011313489001
03011313489002
03010877502001
03010813282001
03010813282002
03010674792001
03010674792005
03010393884001
03011069267010
03011069267001
03011069267011
03011069267002
03011069267003
03011069267004
03011069267005
03011069267007
03011069267008
03011069267009
03010252959001
03010252959015
03010252959016
03010252959017
03010252959018
03010252959019
03010252959020
03010252959002
03010252959024
03010252959025
03010252959026
03010252959027
03010252959028
03010252959029
03010252959030
03010252959003
03010252959031
03010252959032
03010252959033
03010252959034
03010252959035
03010252959036
03010252959038
03010252959039
03010252959040
03010252959041
03010252959042
03011402344001
03011346878001
03011206814001
03011427102001
03010399715001
03010726183001
03010726183003
03010726183004
03010726183006
03010350372001
03010350372002
03010539270001
03010499686001
03010499686002
03010499686003
03010499686007
03010499686008
03010408711001
03010497607001
03010497607002
03010497607003
03010497607004
03010497607005
03010851230001
03010851230002
03010304553001
03011246571001
03011246571002
03011246571003
03011246571004
03011246571005
03011246571006
03010712137001
03010549177003
03010779619002
03010779619003
03010524375001
03010761760001
03010761760003
03010761760004
03010761760005
03010865580001
03010756475001
03010877536001
03010877536002
03010589075001
03010432883001
03010455682001
03010711283001
03011425953001
03010748519001
03010748519002
03010748519003
03010748519004
03010659182044
03010659182045
03010659182046
03010659182047
03010778095001
03010778095002
03010778095003
03010778095004
03010379119002
03010329084004
03010329084006
03010460831001
03010460831002
03010460831003
03010460831004
03010460831005
03010460831006
03010460831007
03010460831008
03010460831009
03010524840001
03010803580001
03010716247010
03010716247011
03010716247012
03010716247013
03010716247015
03010716247016
03010716247017
03010716247018
03010716247002
03010716247003
03010716247007
03010716247009
03010543230001
03010395448001
03010395448002
03011115329001
03010258903041
03010258903047
03010258903005
03010258903006
03011265186001
03011265186002
03010636540001
03011379206001
03010827778001
03010827778002
03010827778003
03010827778004
03010965609001
03010307182010
03010307182001
03010307182011
03010307182012
03010307182013
03010307182014
03010307182015
03010307182016
03010307182017
03010307182002
03010307182003
03010307182004
03010307182005
03010307182006
03010307182007
03010307182008
03010307182009
03010541994001
03010912511001
03010912511002
03010912511003
03010912511004
03010912511005
03010912511006
03010330482001
03010330482002
03010765742001
03010412674001
03010412674002
03010558520001
03010509383011
03010509383140
03010509383150
03010509383152
03010509383153
03010509383154
03010509383155
03010509383156
03010509383022
03011242479001
03010794758001
03010574578001
03010454793001
03010454793002
03010872603001
03010872603002
03010872603003
03010872603004
03010769786001
03010769786002
03010769786003
03010769786004
03010411531006
03010373199001
03011005251001
03011005251002
03010409776013
03010409776003
03010409776006
03010409776007
03010409776009
03010795888001
03010491854001
03010760240001
03010816656002
03011358732001
03011358732002
03011358732003
03010546691001
03010546691002
03010546691003
03010479778001
03010479778002
03011335894001
03011335894002
03010527410002
03010542058001
03010939197001
03010939197002
03010939197003
03010939197004
03010939197005
03010939197006
03010520814002
03010520814004
03010520814005
03010759973001
03010759973002
03010759973003
03010176928001
03010410204003
03010271741001
03010185559001
03010724514002
03010724514004
03010724514005
03010724514006
03010411594005
03010062274001
03010062274003
03010282854001
03010282854003
03010282854004
03010797584001
03010306913001
03010312622001
03010395302001
03010550204001
03010187057001
03010187057002
03010411866001
03010765320001
03010765320002
03010765320003
03010765320004
03010765320005
03010420301001
03011163217001
03010537738001
03010700202001
03010355680001
03010639383001
03010873813001
03010873813002
03010873813003
03010305918001
03010305918015
03010305918016
03010305918002
03010305918028
03010305918029
03010305918032
03010305918004
03010305918006
03010433115008
03010620876001
03010620876002
03010620876003
03010301044001
03010301044002
03010301044004
03010301044005
03010381012003
03010381012004
03010381012008
03011014069001
03011014069002
03010324425001
03010324425002
03010276278001
03010231247001
03010231247011
03010231247006
03010892255001
03010892255002
03010892255003
03010162562002
03010162562003
03010831310001
03010583533001
03010296131001
03010384501001
03010384501002
03010384501003
03010384501004
03011425032001
03011024533001
03011024533002
03011024533003
03011024533004
03011024533005
03011024533006
03010192352003
03010192352004
03010192352005
03010478007010
03010478007012
03010478007016
03010478007018
03010478007002
03010478007006
03010478007007
03010470523001
03010191623017
03010191623019
03010191623020
03010172924001
03010898769001
03010184167020
03010184167021
03010184167022
03010329747002
03010243557002
03010162535001
03010162535002
03010446128001
03010757175001
03010237553001
03010426566001
03010553617001
03010553617002
03011195240001
03011195240002
03011195240003
03010840146001
03010840146002
03010840146003
03010840146004
03010293219001
03010462603002
03010462603003
03010462603004
03010462603005
03010194473001
03010194473002
03010194473003
03010570873003
03010570873004
03010835476001
03010408490001
03010515316001
03010515316019
03010515316002
03010515316004
03010515316006
03010547049001
03010547049002
03010547049003
03010547049004
03010547049005
03010547049006
03010547049007
03010547049008
03010547049009
03010145138061
03010310951001
03010310951002
03011242315001
03011242315002
03010377489002
03010842208001
03010646696001
03010345523002
03011397185001
03011397185002
03010403444001
03010403444002
03010403444003
03010661577001
03010574687001
03010537487001
03010247144002
03010197593002
03010162997001
03010386253001
03010549205010
03010549205001
03010549205011
03010549205013
03010549205014
03010549205015
03010549205002
03010549205003
03010549205004
03010549205009
03010572961001
03010359171001
03010359171003
03010658425001
03010658425002
03010658425003
03010531244001
03010510049001
03010510049002
03011025266001
03010198303013
03010198303014
03010198303006
03010198561001
03010198561003
03010620762001
03011329245001
03010593696001
03010593696002
03010593696003
03011264409001
03011264409002
03010543731001
03010543731002
03010065138003
03010065138004
03010065138005
03010379756001
03010379756002
03010488686001
03010488686003
03011286213001
03011286213002
03010941203001
03010691694010
03010691694012
03010691694013
03010691694002
03010691694004
03010691694005
03010691694006
03010691694007
03010691694008
03010691694009
03010422828001
03010422828002
03010745785010
03010745785001
03010745785011
03010745785012
03010745785002
03010745785003
03010745785004
03010745785005
03010745785006
03010745785007
03010745785009
03011273074001
03010547576001
03010564784010
03010564784011
03010564784012
03010564784013
03010564784015
03010564784018
03010564784019
03010564784020
03010564784021
03010564784005
03010564784009
03010813202001
03010165729003
03010669614001
03010669614002
03010231917003
03010231917006
03010231917007
03010991330001
03010413426002
03010200377013
03010200377014
03010857939001
03010857939002
03010402542001
03010475024001
03011200173001
03011200173002
03010494259002
03010200696001
03010937093001
03010937093002
03010937093003
03011027939001
03011027939002
03011027939003
03011027939004
03011027939005
03011027939006
03010331262001
03011170762001
03011170762002
03010201269001
03010566524001
03010573929002
03010573929003
03010649153001
03010202035001
03010202035002
03010584002001
03010241800001
03010494731001
03010494731002
03010494731003
03010196271007
03010401094001
03010571535001
03010415393001
03010415393002
03010150680002
03010047698016
03010047698017
03010047698005
03010047698006
03010908219001
03010535977001
03010307837001
03010185563002
03010273372001
03010826473001
03010826473002
03010151177002
03010949045001
03010949045002
03010949045003
03010949045004
03010949045005
03010305554001
03010495139001
03010495139003
03010495139004
03010678084001
03010678084002
03010678084003
03011162009001
03011162009002
03010203576001
03010774840001
03010303238001
03010330503001
03010204485001
03010204485002
03010204485003
03010228202001
03010228202015
03010228202016
03010228202017
03010228202002
03010228202026
03010228202003
03010228202009
03010483369001
03010415306003
03010274748001
03010921291001
03010921291002
03010921291003
03010362594001
03010362594002
03010468238001
03010417001001
03010933816001
03010933816002
03010830194010
03010830194001
03010830194012
03010830194013
03010830194014
03010830194015
03010830194019
03010830194004
03010830194005
03010830194006
03010830194007
03010830194008
03010830194009
03010432944001
03010403588001
03010204816002
03010204816003
03010555783003
03010533171003
03010164407001
03010164872002
03010164872003
03010227660010
03010227660011
03010227660012
03010227660005
03010227660009
03011246070001
03010658516001
03010658516002
03010658516004
03010658516005
03010420127001
03010420127002
03010568088001
03010568088002
03010678003001
03010416623001
03010242787001
03010242787002
03010288334001
03010288334002
03010451401001
03010814199010
03010814199001
03010814199011
03010814199012
03010814199013
03010814199014
03010814199015
03010814199016
03010814199018
03010814199019
03010814199020
03010814199002
03010814199021
03010814199022
03010814199023
03010814199024
03010814199025
03010814199026
03010814199027
03010814199028
03010814199029
03010814199030
03010814199003
03010814199031
03010814199032
03010814199033
03010814199034
03010814199035
03010814199036
03010814199037
03010814199038
03010814199039
03010814199040
03010814199004
03010814199041
03010814199042
03010814199043
03010814199044
03010814199045
03010814199046
03010814199048
03010814199049
03010814199050
03010814199005
03010814199051
03010814199052
03010814199053
03010814199054
03010814199055
03010814199056
03010814199057
03010814199059
03010814199060
03010814199006
03010814199061
03010814199062
03010814199063
03010814199064
03010814199065
03010814199066
03010814199067
03010814199007
03010814199008
03010814199009
03010205727002
03010205727003
03010205937001
03010205867003
03010178836001
03010635407001
03010206013001
03010206013002
03010214324010
03010214324012
03010214324015
03010214324006
03010149443019
03010149443022
03010149443024
03010149443027
03010149443039
03010149443008
03010149443009
03011139852001
03011139852002
03010747846001
03010747846002
03010747846003
03010747846004
03010191025029
03010191025031
03010191025039
03010191025040
03010191025043
03010191025056
03010191025057
03010940583001
03010524863006
03010524863007
03010501604001
03010549394001
03010170984002
03010481970002
03010566899002
03010566899003
03010202758004
03010202758005
03010438709003
03010438709004
03010300308001
03010300308002
03010305609001
03010227771016
03010247935001
03010512956001
03010512956003
03010452246100
03010452246010
03010452246102
03010452246104
03010452246105
03010452246106
03010452246107
03010452246108
03010452246111
03010452246112
03010452246014
03010452246018
03010452246021
03010452246023
03010452246024
03010452246025
03010452246026
03010452246027
03010452246028
03010452246029
03010452246030
03010452246031
03010452246034
03010452246035
03010452246036
03010452246037
03010452246038
03010452246040
03010452246041
03010452246042
03010452246043
03010452246044
03010452246045
03010452246046
03010452246047
03010452246048
03010452246049
03010452246050
03010452246005
03010452246051
03010452246052
03010452246054
03010452246055
03010452246059
03010452246066
03010452246067
03010452246072
03010452246075
03010452246077
03010452246081
03010452246085
03010452246087
03010452246091
03010408891001
03010466180001
03011183454002
03011183454003
03011183454004
03010339594003
03010208969001
03010510000001
03010501242001
03010501242002
03010478126001
03011003271001
03011003271002
03011003271003
03011003271004
03011003271005
03011003271006
03011003271007
03011003271008
03011003271009
03010209553001
03010471344001
03010230753001
03010230753002
03010209835001
03010505949001
03010423036001
03010423036004
03010565115001
03010231506003
03010312077001
03010203397001
03010541005001
03010541005004
03010541005005
03011122758001
03011122758002
03011122758003
03011157938001
03010245575001
03010479156001
03010479156002
03011115327002
03011115327003
03011115327004
03010564560002
03010564560003
03010731647001
03010731647002
03010731647003
03010731647004
03010404236002
03010404236004
03010358441002
03010800248010
03010800248001
03010800248002
03010800248003
03010800248004
03010800248005
03010800248006
03010800248007
03010800248008
03010752806001
03010752806011
03010752806012
03010752806013
03010752806014
03010752806015
03010752806016
03010752806017
03010752806002
03010752806003
03010752806004
03010752806005
03010752806006
03010752806007
03010752806009
03010290821003
03010290821004
03010224171010
03010224171001
03010224171018
03010224171020
03010224171023
03010224171025
03010583446001
03010583446002
03010583446003
03010583446004
03010546934001
03010546934011
03010546934012
03010546934013
03010546934014
03010546934015
03010546934016
03010546934017
03010546934002
03010546934003
03010546934004
03010546934005
03010546934007
03010546934008
03010546934009
03010573774001
03010573774002
03010573774003
03010573774004
03010566403001
03010584575001
03010569215001
03010486739001
03010196806001
03010196806007
03010709200001
03011243129001
03010544383001
03010574549001
03010331037002
03010388338001
03010863607001
03010818541010
03010818541001
03010818541011
03010818541012
03010818541013
03010818541014
03010818541015
03010818541017
03010818541018
03010818541019
03010818541020
03010818541002
03010818541021
03010818541022
03010818541023
03010818541024
03010818541025
03010818541026
03010818541027
03010818541028
03010818541029
03010818541030
03010818541003
03010818541031
03010818541032
03010818541033
03010818541034
03010818541035
03010818541036
03010818541037
03010818541038
03010818541039
03010818541040
03010818541041
03010818541042
03010818541043
03010818541044
03010818541045
03010818541046
03010818541047
03010818541048
03010818541049
03010818541050
03010818541051
03010818541006
03010818541007
03010818541008
03010818541009
03010222094002
03010222094003
03010519391001
03010912504001
03010929889001
03010929889002
03010575007002
03010213845001
03010213845002
03011341413010
03011341413001
03011341413011
03011341413012
03011341413013
03011341413014
03011341413015
03011341413016
03011341413017
03011341413018
03011341413019
03011341413020
03011341413002
03011341413021
03011341413022
03011341413003
03011341413004
03011341413005
03011341413006
03011341413007
03011341413008
03011341413009
03010738926001
03010492407001
03010839735001
03010402734032
03010391604002
03010574143001
03010574143002
03010574143004
03010511940003
03010511940004
03010511940005
03010569119001
03010569119003
03010569119004
03011024531001
03011024531002
03011024531003
03011024531004
03011024531005
03010245448001
03011136099001
03011136099002
03011136099003
03011136099004
03010216172002
03010216172003
03011089534001
03011089534002
03011089534003
03010469326001
03010712455001
03010412746001
03010436505001
03010436505002
03010436505003
03010436505004
03010436505005
03010542133001
03010542133003
03010542133004
03010451382001
03010451382003
03010846967001
03010846967002
03010846967003
03010846967004
03010846967005
03010381575001
03010736314001
03010403591001
03010745727001
03010745727002
03010745727003
03010745727004
03010745727005
03010300229001
03010300229002
03010300229003
03010525403001
03010442032001
03010563926001
03010563926002
03010563926003
03010584879010
03010584879001
03010584879012
03010584879013
03010584879014
03010584879015
03010584879016
03010584879017
03010584879019
03010584879020
03010584879002
03010584879021
03010584879022
03010584879023
03010584879024
03010584879025
03010584879026
03010584879027
03010584879028
03010584879029
03010584879030
03010584879003
03010584879031
03010584879032
03010584879033
03010584879034
03010584879036
03010584879037
03010584879038
03010584879039
03010584879040
03010584879004
03010584879041
03010584879042
03010584879043
03010584879044
03010584879045
03010584879047
03010584879048
03010584879049
03010584879005
03010584879051
03010584879053
03010584879054
03010584879055
03010584879056
03010584879057
03010584879058
03010584879006
03010584879007
03010584879008
03010584879009
03010534600001
03010799335001
03010808378001
03010396952010
03010396952011
03010396952013
03010396952016
03010396952008
03010295067002
03010295067003
03010217308001
03011153994001
03011153994002
03011153994003
03010353621001
03010353621002
03011425860001
03010267211001
03010491666001
03010489562001
03010197834001
03010197834002
03010345841001
03010221416001
03010524582001
03010266226001
03010224257001
03010222399002
03010125606007
03010284248001
03010458531003
03010458531004
03010538814001
03010352130001
03010629409001
03010629409002
03010629409003
03010629409004
03010819441001
03010819441002
03010819441003
03010524441001
03010516978001
03010516978002
03010516978003
03010280566001
03010552776001
03010786443001
03010351836001
03010218117001
03010218117016
03010218117006
03010560036001
03010560036002
03010560036003
03010507714010
03010507714001
03010507714011
03010507714012
03010507714014
03010507714015
03010507714016
03010507714017
03010507714020
03010507714024
03010507714025
03010507714026
03010507714027
03010507714003
03010507714006
03010507714007
03010507714009
03010607418001
03010607418002
03010607418003
03010810243001
03010810243002
03010810243003
03010512966001
03010657789001
03010657789002
03010281774001
03010490711001
03010490711017
03010490711004
03010571630001
03010571630002
03011171308001
03011171308002
03010491030026
03010491030003
03010491030033
03010491030039
03010491030004
03010491030054
03010491030056
03010491030006
03010491030007
03010491030009
03011278859001
03010538266001
03011239752001
03011239752002
03011239752003
03010342140001
03010342140002
03010342140003
03010184683001
03010184683003
03010389727001
03010286037001
03010286037002
03010809301001
03010809301003
03010809301004
03010809301005
03010357456001
03010357456003
03010357456005
03010357456006
03010357456007
03011336101001
03010359643001
03010775606001
03010549926001
03010991435001
03010397578001
03010240967001
03010240967002
03010505504001
03010238871001
03010238871002
03011293118001
03010581021001
03010977313001
03010790198001
03010425717001
03010287807001
03010287807002
03011110180001
03010298135001
03010164092104
03010164092108
03010164092109
03010164092110
03010164092111
03010164092002
03010164092027
03010164092003
03010164092046
03010164092077
03010164092080
03010791143010
03010791143001
03010791143011
03010791143012
03010791143013
03010791143014
03010791143015
03010791143016
03010791143017
03010791143018
03010791143002
03010791143021
03010791143022
03010791143023
03010791143024
03010791143003
03010791143004
03010791143005
03010791143006
03010791143007
03010791143008
03010791143009
03010359509001
03010359509002
03010583741010
03010583741001
03010583741011
03010583741012
03010583741013
03010583741014
03010583741015
03010583741016
03010583741017
03010583741018
03010583741002
03010583741003
03010583741004
03010583741005
03010583741006
03010583741007
03010583741008
03010583741009
03010830573001
03010236321002
03010299363001
03010227613004
03010227613005
03011134607001
03011134607002
03011134607003
03011134607004
03011134607005
03011134607006
03011124797001
03011124797002
03011124797003
03011124797004
03010551537004
03010551537005
03010551537006
03010810992001
03010810992002
03010570106001
03010400829001
03010912793001
03010912793002
03010580975001
03010240414001
03010240414002
03010240414003
03010543088001
03010985414001
03010985414002
03010710895001
03010710895002
03010495149001
03010495149002
03010495149003
03010495149004
03010379581002
03010379581003
03011451631001
03011132926001
03011132926002
03011132926003
03010905725001
03010905725002
03010905725003
03010963151001
03010963151004
03010963151005
03010666539001
03010666539002
03011415257001
03010327123001
03010327123002
03010189717001
